0.000065134426 -215402.609009999986
0.000065657591 -213685.965109999990
0.000066184959 -211982.999660000001
0.000066716562 -210293.603670000011
0.000067252435 -208617.669005000003
0.000067792612 -206955.088415000006
0.000068337129 -205305.755485000001
0.000068886018 -203669.564649999986
0.000069439317 -202046.411200000002
0.000069997059 -200436.191239999986
0.000070559281 -198838.801724999998
0.000071126020 -197254.140405000013
0.000071697310 -195682.105869999999
0.000072273189 -194122.597505000012
0.000072853693 -192575.515489999991
0.000073438860 -191040.760819999996
0.000074028728 -189518.235259999987
0.000074623333 -188007.841370000009
0.000075222714 -186509.482595000009
0.000075826909 -185023.062839999999
0.000076435957 -183548.487064999994
0.000077049897 -182085.660895000008
0.000077668769 -180634.490699999995
0.000078292611 -179194.883289999998
0.000078921464 -177766.746459999995
0.000079555368 -176349.989915000013
0.000080194363 -174944.522254999989
0.000080838491 -173550.253519999998
0.000081487793 -172167.094184999994
0.000082142310 -170794.956310000009
0.000082802084 -169433.751779999991
0.000083467157 -168083.393180000014
0.000084137573 -166743.794439999998
0.000084813373 -165414.869780000008
0.000085494601 -164096.534329999995
0.000086181301 -162788.703594999999
0.000086873517 -161491.293765000009
0.000087571292 -160204.221805000008
0.000088274672 -158927.405345000006
0.000088983702 -157660.762820000004
0.000089698427 -156404.212845000002
0.000090418892 -155157.675170000002
0.000091145144 -153921.069809999986
0.000091877230 -152694.317825000006
0.000092615196 -151477.340904999990
0.000093359089 -150270.060954999994
0.000094108957 -149072.400954999990
0.000094864848 -147884.283835000009
0.000095626811 -146705.633659999992
0.000096394894 -145536.375070000009
0.000097169146 -144376.433224999986
0.000097949616 -143225.733895000012
0.000098736356 -142084.203115000011
0.000099529415 -140951.768494999997
0.000100328844 -139828.357179999992
0.000101134694 -138713.897304999991
0.000101947016 -137608.317585000012
0.000102765863 -136511.547164999996
0.000103591287 -135423.515905000007
0.000104423342 -134344.154165000014
0.000105262079 -133273.393045000004
0.000106107553 -132211.163665000000
0.000106959818 -131157.398214999994
0.000107818928 -130112.029255000001
0.000108684939 -129074.989759999997
0.000109557906 -128046.213485000000
0.000110437884 -127025.634585000007
0.000111324931 -126013.187865000000
0.000112219102 -125008.808545000007
0.000113120455 -124012.432060000006
0.000114029049 -123023.994785000003
0.000114944940 -122043.433464999995
0.000115868187 -121070.685335000002
0.000116798850 -120105.688144999993
0.000117736989 -119148.380134999999
0.000118682662 -118198.700030000007
0.000119635932 -117256.587079999998
0.000120596858 -116321.980815000003
0.000121565502 -115394.821695000006
0.000122541926 -114475.050254999995
0.000123526194 -113562.607629999999
0.000124518367 -112657.435335000002
0.000125518509 -111759.475619999997
0.000126526684 -110868.670920000004
0.000127542957 -109984.964229999998
0.000128567393 -109108.298985000001
0.000129600058 -108238.619080000004
0.000130641016 -107375.868935000006
0.000131690336 -106519.993170000002
0.000132748084 -105670.937099999996
0.000133814328 -104828.646315000005
0.000134889136 -103993.066925000006
0.000135972577 -103164.145615000001
0.000137064721 -102341.829215000005
0.000138165636 -101526.065100000007
0.000139275394 -100716.801059999998
0.000140394066 -99913.985304999995
0.000141521724 -99117.566454999993
0.000142658438 -98327.493535000001
0.000143804283 -97543.715979999994
0.000144959331 -96766.183600000004
0.000146123657 -95994.846690000006
0.000147297335 -95229.655855000005
0.000148480439 -94470.562124999997
0.000149673047 -93717.516910000006
0.000150875234 -92970.471980000002
0.000152087076 -92229.379520000002
0.000153308653 -91494.192234999995
0.000154540041 -90764.862985000000
0.000155781320 -90041.345140000005
0.000157032569 -89323.592294999995
0.000158293868 -88611.558560000005
0.000159565298 -87905.198369999998
0.000160846940 -87204.466514999993
0.000162138876 -86509.318119999996
0.000163441189 -85819.708715000001
0.000164753963 -85135.594209999996
0.000166077281 -84456.930789999999
0.000167411228 -83783.675015000001
0.000168755889 -83115.783794999996
0.000170111351 -82453.214384999999
0.000171477700 -81795.924385000006
0.000172855023 -81143.871729999999
0.000174243410 -80497.014595000001
0.000175642948 -79855.311755000002
0.000177053727 -79218.722049999997
0.000178475838 -78587.204750000004
0.000179909371 -77960.719425000003
0.000181354418 -77339.225990000006
0.000182811072 -76722.684659999999
0.000184279427 -76111.055949999994
0.000185759575 -75504.300784999999
0.000187251611 -74902.380290000001
0.000188755632 -74305.255944999997
0.000190271734 -73712.889534999995
0.000191800013 -73125.243149999995
0.000193340567 -72542.279154999997
0.000194893495 -71963.960309999995
0.000196458896 -71390.249534999995
0.000198036871 -70821.110130000001
0.000199627520 -70256.505674999993
0.000201230945 -69696.400034999999
0.000202847249 -69140.757339999996
0.000204476536 -68589.542000000001
0.000206118909 -68042.718859999994
0.000207774473 -67500.252844999995
0.000209443336 -66962.109249999994
0.000211125602 -66428.253620000003
0.000212821381 -65898.651794999998
0.000214530781 -65373.269845000003
0.000216253910 -64852.074220000002
0.000217990880 -64335.031515000002
0.000219741802 -63822.108650000002
0.000221506787 -63313.272794999997
0.000223285948 -62808.491385000001
0.000225079400 -62307.732129999997
0.000226887257 -61810.962950000001
0.000228709635 -61318.152060000000
0.000230546650 -60829.267930000002
0.000232398420 -60344.279264999997
0.000234265064 -59863.155014999997
0.000236146701 -59385.864414999996
0.000238043452 -58912.376900000003
0.000239955437 -58442.662174999998
0.000241882780 -57976.690175000003
0.000243825603 -57514.431060000003
0.000245784031 -57055.855215000003
0.000247758190 -56600.933395000000
0.000249748205 -56149.636429999999
0.000251754203 -55701.935434999999
0.000253776315 -55257.801755000000
0.000255814668 -54817.206935000002
0.000257869393 -54380.122840000004
0.000259940622 -53946.521464999998
0.000262028487 -53516.375054999997
0.000264133123 -53089.656089999997
0.000266254662 -52666.337265000002
0.000268393243 -52246.391465000001
0.000270549000 -51829.791819999999
0.000272722073 -51416.511680000003
0.000274912600 -51006.524579999998
0.000277120721 -50599.804295000002
0.000279346579 -50196.324784999997
0.000281590314 -49796.060230000003
0.000283852072 -49398.985013999998
0.000286131996 -49005.073722499998
0.000288430233 -48614.301145999998
0.000290746929 -48226.642274500002
0.000293082233 -47842.072297999999
0.000295436295 -47460.566604000000
0.000297809264 -47082.100766000003
0.000300201294 -46706.650581000002
0.000302612536 -46334.192011500003
0.000305043146 -45964.701219000002
0.000307493278 -45598.154548999999
0.000309963091 -45234.528508500000
0.000312452741 -44873.799915500000
0.000314962388 -44515.945634000003
0.000317492193 -44160.942761500002
0.000320042317 -43808.768550000001
0.000322612924 -43459.400515499998
0.000325204179 -43112.816271000003
0.000327816247 -42768.993634500002
0.000330449295 -42427.910609500002
0.000333103492 -42089.545350499997
0.000335779008 -41753.876210000002
0.000338476013 -41420.881705500004
0.000341194682 -41090.540524500000
0.000343935187 -40762.831525499998
0.000346697703 -40437.733735000002
0.000349482409 -40115.226346500000
0.000352289482 -39795.288719999997
0.000355119101 -39477.900377999998
0.000357971448 -39163.041009000000
0.000360846705 -38850.690460999998
0.000363745057 -38540.828743999999
0.000366666688 -38233.436026500000
0.000369611786 -37928.492635000002
0.000372580540 -37625.979053499999
0.000375573138 -37325.875920999999
0.000378589774 -37028.164030000000
0.000381630639 -36732.824328000002
0.000384695929 -36439.837912499999
0.000387785840 -36149.186032500002
0.000390900569 -35860.850085999999
0.000394040316 -35574.811619499997
0.000397205281 -35291.052325999997
0.000400395668 -35009.554039000002
0.000403611680 -34730.298755500000
0.000406853524 -34453.268596000002
0.000410121406 -34178.445826000003
0.000413415536 -33905.812827499998
0.000416736125 -33635.352225000002
0.000420083385 -33367.046670000003
0.000423457531 -33100.878968999998
0.000426858778 -32836.832130499999
0.000430287344 -32574.889233499998
0.000433743449 -32315.033520500001
0.000437227314 -32057.248347500001
0.000440739161 -31801.517222999999
0.000444279215 -31547.823779499999
0.000447847704 -31296.151781000000
0.000451444855 -31046.485120500001
0.000455070899 -30798.807818500001
0.000458726067 -30553.104024500000
0.000462410594 -30309.358013000001
0.000466124716 -30067.554184000001
0.000469868669 -29827.677062499999
0.000473642694 -29589.711295500001
0.000477447033 -29353.641653499999
0.000481281929 -29119.453028000000
0.000485147626 -28887.130431000001
0.000489044373 -28656.658993500001
0.000492972420 -28428.023965000000
0.000496932016 -28201.210714000001
0.000500923417 -27976.204722999999
0.000504946876 -27752.991591999998
0.000509002653 -27531.557035500002
0.000513091006 -27311.886880999999
0.000517212196 -27093.967070499999
0.000521366489 -26877.783656500000
0.000525554149 -26663.322803499999
0.000529775445 -26450.570785500000
0.000534030647 -26239.513986000002
0.000538320027 -26030.138898500001
0.000542643859 -25822.432121999998
0.000547002421 -25616.380363500000
0.000551395991 -25411.970434999999
0.000555824851 -25209.189255500001
0.000560289284 -25008.023845500000
0.000564789575 -24808.461331499999
0.000569326013 -24610.488940499999
0.000573898888 -24414.094002999998
0.000578508493 -24219.263949500000
0.000583155123 -24025.986310500000
0.000587839075 -23834.248715999998
0.000592560649 -23644.038895500002
0.000597320146 -23455.344674500000
0.000602117873 -23268.153977499998
0.000606954135 -23082.454817000002
0.000611829243 -22898.235321500000
0.000616743507 -22715.483690500001
0.000621697244 -22534.188205499999
0.000626690769 -22354.337319999999
0.000631724403 -22175.919481000001
0.000636798468 -21998.923294000000
0.000641913287 -21823.337425500002
0.000647069190 -21649.150625499999
0.000652266505 -21476.351751999999
0.000657505565 -21304.929746000002
0.000662786706 -21134.873636500000
0.000668110266 -20966.172539499999
0.000673476584 -20798.815658000000
0.000678886006 -20632.792281499998
0.000684338876 -20468.091784500000
0.000689835545 -20304.703625999999
0.000695376363 -20142.617349000000
0.000700961685 -19981.822580000000
0.000706591870 -19822.309028000000
0.000712267276 -19664.066483999999
0.000717988267 -19507.084821000000
0.000723755211 -19351.353991000000
0.000729568474 -19196.864028500000
0.000735428431 -19043.605045500000
0.000741335455 -18891.567233000002
0.000747289925 -18740.740860999998
0.000753292221 -18591.116277000001
0.000759342729 -18442.683904000001
0.000765441834 -18295.434242500000
0.000771589929 -18149.357868999999
0.000777787405 -18004.445434500001
0.000784034660 -17860.687664000001
0.000790332093 -17718.075357500002
0.000796680108 -17576.599387499999
0.000803079111 -17436.250699500000
0.000809529511 -17297.020311000000
0.000816031721 -17158.899312000001
0.000822586158 -17021.878862000001
0.000829193240 -16885.950191500000
0.000835853391 -16751.104601499999
0.000842567037 -16617.333461999999
0.000849334608 -16484.628210999999
0.000856156536 -16352.980355500000
0.000863033258 -16222.381470000000
0.000869965215 -16092.823196500000
0.000876952850 -15964.297243000001
0.000883996611 -15836.795383999999
0.000891096947 -15710.309459000000
0.000898254314 -15584.831373000001
0.000905469169 -15460.353095000000
0.000912741975 -15336.866658999999
0.000920073197 -15214.364162000000
0.000927463303 -15092.837763000000
0.000934912768 -14972.279684499999
0.000942422067 -14852.682210999999
0.000949991682 -14734.037688500001
0.000957622096 -14616.338523000000
0.000965313799 -14499.577182000001
0.000973067282 -14383.746193000001
0.000980883041 -14268.838143000001
0.000988761578 -14154.845676999999
0.000996703395 -14041.761500000001
0.001004709002 -13929.578374500001
0.001012778911 -13818.289121000000
0.001020913638 -13707.886616500000
0.001029113703 -13598.363795499999
0.001037379632 -13489.713648999999
0.001045711954 -13381.929222000001
0.001054111202 -13275.003617500000
0.001062577913 -13168.929991999999
0.001071112630 -13063.701556500000
0.001079715898 -12959.311576500000
0.001088388269 -12855.753371000001
0.001097130296 -12753.020312000001
0.001105942541 -12651.105825000001
0.001114825566 -12550.003387500001
0.001123779940 -12449.706528000001
0.001132806237 -12350.208828999999
0.001141905033 -12251.503921500000
0.001151076912 -12153.585488500001
0.001160322460 -12056.447263500000
0.001169642269 -11960.083029500000
0.001179036936 -11864.486618999999
0.001188507062 -11769.651914000000
0.001198053252 -11675.572845000001
0.001207676118 -11582.243391500000
0.001217376276 -11489.657579500001
0.001227154346 -11397.809472000001
0.001237010955 -11306.693208500001
0.001246946733 -11216.302933000001
0.001256962315 -11126.632905500001
0.001267058344 -11037.677369999999
0.001277235465 -10949.430613500001
0.001287494330 -10861.886998000000
0.001297835594 -10775.040922000000
0.001308259921 -10688.886827000000
0.001318767976 -10603.419198500000
0.001329360433 -10518.632567000001
0.001340037970 -10434.521506499999
0.001350801270 -10351.080633500000
0.001361651021 -10268.304607500000
0.001372587918 -10186.188131499999
0.001383612662 -10104.725949500000
0.001394725957 -10023.912848500000
0.001405928515 -9943.743655500000
0.001417221053 -9864.213240499999
0.001428604294 -9785.316513500000
0.001440078966 -9707.048424500001
0.001451645803 -9629.403965000000
0.001463305546 -9552.378165500000
0.001475058942 -9475.966096000000
0.001486906741 -9400.162866999999
0.001498849703 -9324.963626000001
0.001510888592 -9250.363561000000
0.001523024178 -9176.357897500000
0.001535257239 -9102.941898999999
0.001547588556 -9030.110866999999
0.001560018920 -8957.860140000001
0.001572549125 -8886.185094500001
0.001585179974 -8815.081142999999
0.001597912275 -8744.543734999999
0.001610746844 -8674.568355500000
0.001623684500 -8605.150526500000
0.001636726073 -8536.285806000000
0.001649872396 -8467.969785499999
0.001663124313 -8400.198093000001
0.001676482669 -8332.966392000000
0.001689948321 -8266.270378499999
0.001703522131 -8200.105785000000
0.001717204966 -8134.468376500000
0.001730997703 -8069.353952000000
0.001744901225 -8004.758344500000
0.001758916421 -7940.677419500000
0.001773044188 -7877.107076500000
0.001787285430 -7814.043246500000
0.001801641060 -7751.481894000000
0.001816111995 -7689.419014000000
0.001830699162 -7627.850636000000
0.001845403494 -7566.772818000000
0.001860225932 -7506.181652500000
0.001875167426 -7446.073260500000
0.001890228931 -7386.443796000000
0.001905411412 -7327.289442500000
0.001920715839 -7268.606413500000
0.001936143193 -7210.390954500000
0.001951694461 -7152.639338500000
0.001967370637 -7095.347870000000
0.001983172726 -7038.512882500000
0.001999101739 -6982.130738500000
0.002015158696 -6926.197829500000
0.002031344622 -6870.710575500000
0.002047660556 -6815.665426000000
0.002064107541 -6761.058858000000
0.002080686629 -6706.887376000000
0.002097398882 -6653.147514000000
0.002114245369 -6599.835832000000
0.002131227169 -6546.948918500000
0.002148345368 -6494.483388500000
0.002165601061 -6442.435884000000
0.002182995354 -6390.803075000000
0.002200529360 -6339.581656000000
0.002218204199 -6288.768349500000
0.002236021005 -6238.359903000000
0.002253980917 -6188.353091000000
0.002272085085 -6138.744712500000
0.002290334666 -6089.531593000000
0.002308730830 -6040.710582500000
0.002327274754 -5992.278557000000
0.002345967623 -5944.232416500000
0.002364810636 -5896.569086500000
0.002383804997 -5849.285516000000
0.002402951923 -5802.378679500000
0.002422252638 -5755.845574500000
0.002441708378 -5709.683223500000
0.002461320389 -5663.888671500000
0.002481089925 -5618.458988500000
0.002501018251 -5573.391266500000
0.002521106644 -5528.682621000000
0.002541356388 -5484.330191000000
0.002561768779 -5440.331138500000
0.002582345125 -5396.682647000000
0.002603086742 -5353.381923000000
0.002623994957 -5310.426195500000
0.002645071109 -5267.812716000000
0.002666316547 -5225.538756000000
0.002687732629 -5183.601611000000
0.002709320727 -5141.998597000000
0.002731082223 -5100.727051500000
0.002753018509 -5059.784332500000
0.002775130989 -5019.167820500000
0.002797421078 -4978.874916000000
0.002819890204 -4938.903040100000
0.002842539803 -4899.249634750000
0.002865371326 -4859.912162200000
0.002888386233 -4820.888104950000
0.002911585999 -4782.174965600000
0.002934972106 -4743.770266500000
0.002958546053 -4705.671549850000
0.002982309348 -4667.876377500000
0.003006263512 -4630.382330500000
0.003030410077 -4593.187009450000
0.003054750590 -4556.288033900000
0.003079286608 -4519.683042350000
0.003104019701 -4483.369692200000
0.003128951453 -4447.345659550000
0.003154083458 -4411.608638900000
0.003179417327 -4376.156343150000
0.003204954678 -4340.986503550000
0.003230697148 -4306.096869250000
0.003256646384 -4271.485207400000
0.003282804046 -4237.149303000000
0.003309171809 -4203.086958700000
0.003335751360 -4169.295994550000
0.003362544400 -4135.774248000000
0.003389552644 -4102.519573900000
0.003416777821 -4069.529843950000
0.003444221673 -4036.802947000000
0.003471885956 -4004.336788550000
0.003499772440 -3972.129291000000
0.003527882912 -3940.178393100000
0.003556219169 -3908.482050150000
0.003584783026 -3877.038233700000
0.003613576309 -3845.844931500000
0.003642600863 -3814.900147300000
0.003671858545 -3784.201900700000
0.003701351227 -3753.748227250000
0.003731080796 -3723.537178000000
0.003761049156 -3693.566819550000
0.003791258224 -3663.835234000000
0.003821709935 -3634.340518650000
0.003852406236 -3605.080785950000
0.003883349092 -3576.054163450000
0.003914540484 -3547.258793550000
0.003945982408 -3518.692833600000
0.003977676876 -3490.354455450000
0.004009625917 -3462.241845650000
0.004041831575 -3434.353205050000
0.004074295912 -3406.686749100000
0.004107021005 -3379.240707150000
0.004140008949 -3352.013322950000
0.004173261855 -3325.002854050000
0.004206781851 -3298.207571950000
0.004240571082 -3271.625761950000
0.004274631712 -3245.255722950000
0.004308965919 -3219.095767550000
0.004343575902 -3193.144221550000
0.004378463875 -3167.399424350000
0.004413632071 -3141.859728400000
0.004449082741 -3116.523499450000
0.004484818154 -3091.389116050000
0.004520840597 -3066.454969850000
0.004557152375 -3041.719465300000
0.004593755813 -3017.181019500000
0.004630653252 -2992.838062200000
0.004667847055 -2968.689035650000
0.004705339602 -2944.732394500000
0.004743133292 -2920.966605800000
0.004781230544 -2897.390148750000
0.004819633797 -2874.001514650000
0.004858345507 -2850.799206850000
0.004897368154 -2827.781740650000
0.004936704234 -2804.947643150000
0.004976356264 -2782.295453200000
0.005016326783 -2759.823721350000
0.005056618349 -2737.531009600000
0.005097233540 -2715.415891450000
0.005138174955 -2693.476951850000
0.005179445216 -2671.712786850000
0.005221046963 -2650.122003950000
0.005262982858 -2628.703221450000
0.005305255587 -2607.455068950000
0.005347867853 -2586.376186700000
0.005390822385 -2565.465226050000
0.005434121931 -2544.720848900000
0.005477769263 -2524.141727900000
0.005521767174 -2503.726546300000
0.005566118481 -2483.473997750000
0.005610826020 -2463.382786500000
0.005655892655 -2443.451626850000
0.005701321268 -2423.679243650000
0.005747114768 -2404.064371700000
0.005793276085 -2384.605755950000
0.005839808174 -2365.302151400000
0.005886714012 -2346.152322900000
0.005933996603 -2327.155045200000
0.005981658971 -2308.309102850000
0.006029704167 -2289.613289950000
0.006078135267 -2271.066410400000
0.006126955369 -2252.667277450000
0.006176167598 -2234.414713950000
0.006225775104 -2216.307552050000
0.006275781062 -2198.344633300000
0.006326188673 -2180.524808450000
0.006377001161 -2162.846937300000
0.006428221779 -2145.309888900000
0.006479853806 -2127.912541250000
0.006531900546 -2110.653781300000
0.006584365330 -2093.532504850000
0.006637251515 -2076.547616600000
0.006690562487 -2059.698029800000
0.006744301657 -2042.982666550000
0.006798472464 -2026.400457500000
0.006853078377 -2009.950341750000
0.006908122888 -1993.631266900000
0.006963609522 -1977.442189000000
0.007019541829 -1961.382072350000
0.007075923389 -1945.449889550000
0.007132757811 -1929.644621350000
0.007190048731 -1913.965256700000
0.007247799818 -1898.410792550000
0.007306014765 -1882.980233900000
0.007364697301 -1867.672593600000
0.007423851179 -1852.486892500000
0.007483480187 -1837.422159100000
0.007543588139 -1822.477429850000
0.007604178884 -1807.651748700000
0.007665256299 -1792.944167350000
0.007726824293 -1778.353745000000
0.007788886807 -1763.879548350000
0.007851447811 -1749.520651550000
0.007914511312 -1735.276136200000
0.007978081343 -1721.145091150000
0.008042161975 -1707.126612600000
0.008106757307 -1693.219803850000
0.008171871475 -1679.423775400000
0.008237508646 -1665.737644900000
0.008303673019 -1652.160537000000
0.008370368831 -1638.691583350000
0.008437600349 -1625.329922450000
0.008505371877 -1612.074699800000
0.008573687751 -1598.925067600000
0.008642552344 -1585.880184950000
0.008711970063 -1572.939217500000
0.008781945352 -1560.101337700000
0.008852482688 -1547.365724500000
0.008923586586 -1534.731563500000
0.008995261596 -1522.198046700000
0.009067512306 -1509.764372650000
0.009140343341 -1497.429746200000
0.009213759360 -1485.193378650000
0.009287765063 -1473.054487450000
0.009362365186 -1461.012296500000
0.009437564504 -1449.066035700000
0.009513367829 -1437.214941200000
0.009589780012 -1425.458255250000
0.009666805946 -1413.795226100000
0.009744450557 -1402.225108050000
0.009822718817 -1390.747161350000
0.009901615735 -1379.360652150000
0.009981146359 -1368.064852400000
0.010061315780 -1356.859040000000
0.010142129129 -1345.742498500000
0.010223591577 -1334.714517200000
0.010305708339 -1323.774391100000
0.010388484669 -1312.921420850000
0.010471925866 -1302.154912600000
0.010556037270 -1291.474178100000
0.010640824264 -1280.878534650000
0.010726292275 -1270.367304900000
0.010812446771 -1259.939816950000
0.010899293268 -1249.595404350000
0.010986837324 -1239.333405900000
0.011075084541 -1229.153165650000
0.011164040567 -1219.054032950000
0.011253711095 -1209.035362350000
0.011344101865 -1199.096513550000
0.011435218661 -1189.236851300000
0.011527067315 -1179.455745600000
0.011619653705 -1169.752571250000
0.011712983757 -1160.126708300000
0.011807063444 -1150.577541550000
0.011901898788 -1141.104460850000
0.011997495856 -1131.706860850000
0.012093860769 -1122.384141050000
0.012190999693 -1113.135705850000
0.012288918845 -1103.960964300000
0.012387624491 -1094.859330200000
0.012487122951 -1085.830222100000
0.012587420590 -1076.873063100000
0.012688523828 -1067.987281000000
0.012790439137 -1059.172308200000
0.012893173037 -1050.427581500000
0.012996732106 -1041.752542400000
0.013101122969 -1033.146636650000
0.013206352309 -1024.609314700000
0.013312426860 -1016.140031150000
0.013419353411 -1007.738245100000
0.013527138805 -999.403419950000
0.013635789940 -991.135023400000
0.013745313771 -982.932527450000
0.013855717306 -974.795408250000
0.013967007613 -966.723146150000
0.014079191812 -958.715225750000
0.014192277084 -950.771135750000
0.014306270668 -942.890368850000
0.014421179857 -935.072421950000
0.014537012006 -927.316795850000
0.014653774530 -919.622995450000
0.014771474900 -911.990529550000
0.014890120649 -904.418911000000
0.015009719371 -896.907656450000
0.015130278721 -889.456286400000
0.015251806413 -882.064325250000
0.015374310226 -874.731301250000
0.015497798001 -867.456746400000
0.015622277639 -860.240196400000
0.015747757109 -853.081190700000
0.015874244441 -845.979272500000
0.016001747729 -838.933988600000
0.016130275135 -831.944889500000
0.016259834885 -825.011529250000
0.016390435269 -818.133465500000
0.016522084646 -811.310259400000
0.016654791443 -804.541475750000
0.016788564152 -797.826682700000
0.016923411334 -791.165451900000
0.017059341621 -784.557358550000
0.017196363712 -778.001981150000
0.017334486376 -771.498901550000
0.017473718452 -765.047705100000
0.017614068853 -758.647980400000
0.017755546560 -752.299319300000
0.017898160628 -746.001317000000
0.018041920185 -739.753572000000
0.018186834430 -733.555685900000
0.018332912640 -727.407263550000
0.018480164161 -721.307913050000
0.018628598420 -715.257245550000
0.018778224915 -709.254875400000
0.018929053224 -703.300420000000
0.019081092998 -697.393499850000
0.019234353968 -691.533738450000
0.019388845944 -685.720762450000
0.019544578812 -679.954201400000
0.019701562540 -674.233687850000
0.019859807175 -668.558857300000
0.020019322845 -662.929348250000
0.020180119757 -657.344802000000
0.020342208205 -651.804862800000
0.020505598560 -646.309177800000
0.020670301281 -640.857396900000
0.020836326909 -635.449172900000
0.021003686068 -630.084161300000
0.021172389470 -624.762020500000
0.021342447913 -619.482411550000
0.021513872279 -614.244998250000
0.021686673541 -609.049447200000
0.021860862757 -603.895427500000
0.022036451076 -598.782611100000
0.022213449735 -593.710672500000
0.022391870063 -588.679288850000
0.022571723478 -583.688139850000
0.022753021491 -578.736907850000
0.022935775705 -573.825277750000
0.023119997817 -568.952936950000
0.023305699616 -564.119575350000
0.023492892988 -559.324885500000
0.023681589913 -554.568562200000
0.023871802468 -549.850302900000
0.024063542827 -545.169807400000
0.024256823260 -540.526777950000
0.024451656139 -535.920919200000
0.024648053932 -531.351938150000
0.024846029208 -526.819544200000
0.025045594639 -522.323449050000
0.025246762997 -517.863366800000
0.025449547156 -513.439013800000
0.025653960095 -509.050108700000
0.025860014896 -504.696372350000
0.026067724747 -500.377528050000
0.026277102941 -496.093301100000
0.026488162878 -491.843419150000
0.026700918068 -487.627612015000
0.026915382124 -483.445611690000
0.027131568775 -479.297152325000
0.027349491855 -475.181970225000
0.027569165312 -471.099803820000
0.027790603206 -467.050393640000
0.028013819707 -463.033482320000
0.028238829102 -459.048814565000
0.028465645792 -455.096137140000
0.028694284293 -451.175198845000
0.028924759238 -447.285750525000
0.029157085377 -443.427545010000
0.029391277580 -439.600337145000
0.029627350834 -435.803883730000
0.029865320250 -432.037943545000
0.030105201055 -428.302277300000
0.030347008604 -424.596647645000
0.030590758372 -420.920819130000
0.030836465959 -417.274558215000
0.031084147090 -413.657633235000
0.031333817618 -410.069814385000
0.031585493520 -406.510873725000
0.031839190905 -402.980585140000
0.032094926008 -399.478724335000
0.032352715198 -396.005068830000
0.032612574973 -392.559397920000
0.032874521964 -389.141492690000
0.033138572935 -385.751135985000
0.033404744786 -382.388112380000
0.033673054553 -379.052208200000
0.033943519406 -375.743211485000
0.034216156656 -372.460911965000
0.034490983752 -369.205101075000
0.034768018283 -365.975571910000
0.035047277979 -362.772119240000
0.035328780712 -359.594539475000
0.035612544499 -356.442630655000
0.035898587502 -353.316192445000
0.036186928026 -350.215026115000
0.036477584526 -347.138934520000
0.036770575604 -344.087722110000
0.037065920011 -341.061194880000
0.037363636650 -338.059160390000
0.037663744575 -335.081427740000
0.037966262991 -332.127807555000
0.038271211262 -329.198111960000
0.038578608903 -326.292154605000
0.038888475589 -323.409750600000
0.039200831150 -320.550716555000
0.039515695577 -317.714870520000
0.039833089023 -314.902032015000
0.040153031800 -312.112021980000
0.040475544384 -309.344662790000
0.040800647418 -306.599778235000
0.041128361706 -303.877193490000
0.041458708224 -301.176735135000
0.041791708114 -298.498231115000
0.042127382687 -295.841510755000
0.042465753426 -293.206404710000
0.042806841989 -290.592745000000
0.043150670204 -288.000364950000
0.043497260077 -285.429099225000
0.043846633789 -282.878783780000
0.044198813700 -280.349255880000
0.044553822351 -277.840354055000
0.044911682462 -275.351918125000
0.045272416936 -272.883789155000
0.045636048859 -270.435809475000
0.046002601506 -268.007822650000
0.046372098335 -265.599673465000
0.046744562993 -263.211207930000
0.047120019320 -260.842273260000
0.047498491344 -258.492717870000
0.047880003288 -256.162391355000
0.048264579569 -253.851144485000
0.048652244799 -251.558829200000
0.049043023789 -249.285298590000
0.049436941549 -247.030406890000
0.049834023291 -244.794009470000
0.050234294427 -242.575962830000
0.050637780575 -240.376124570000
0.051044507558 -238.194353405000
0.051454501408 -236.030509140000
0.051867788362 -233.884452675000
0.052284394873 -231.756045970000
0.052704347604 -229.645152065000
0.053127673430 -227.551635040000
0.053554399446 -225.475360035000
0.053984552961 -223.416193230000
0.054418161506 -221.374001825000
0.054855252833 -219.348654035000
0.055295854914 -217.340019105000
0.055739995948 -215.347967265000
0.056187704362 -213.372369745000
0.056639008808 -211.413098750000
0.057093938169 -209.470027480000
0.057552521562 -207.543030080000
0.058014788337 -205.631981675000
0.058480768077 -203.736758320000
0.058950490607 -201.857237025000
0.059423985988 -199.993295735000
0.059901284524 -198.144813315000
0.060382416763 -196.311669555000
0.060867413498 -194.493745145000
0.061356305767 -192.690921695000
0.061849124861 -190.903081690000
0.062345902321 -189.130108515000
0.062846669939 -187.371886435000
0.063351459766 -185.628300585000
0.063860304107 -183.899236975000
0.064373235530 -182.184582450000
0.064890286862 -180.484224740000
0.065411491195 -178.798052390000
0.065936881885 -177.125954800000
0.066466492558 -175.467822200000
0.067000357109 -173.823545645000
0.067538509706 -172.193017000000
0.068080984791 -170.576128950000
0.068627817082 -168.972774985000
0.069179041577 -167.382849400000
0.069734693554 -165.806247270000
0.070294808575 -164.242864475000
0.070859422488 -162.692597660000
0.071428571429 -161.155344265000
0.072002291822 -159.631002490000
0.072580620386 -158.119471300000
0.073163594135 -156.620650420000
0.073751250379 -155.134440340000
0.074343626728 -153.660742290000
0.074940761095 -152.199458245000
0.075542691695 -150.750490925000
0.076149457054 -149.313743785000
0.076761096005 -147.889121005000
0.077377647691 -146.476527495000
0.077999151573 -145.075868890000
0.078625647428 -143.687051530000
0.079257175351 -142.309982475000
0.079893775760 -140.944569500000
0.080535489399 -139.590721070000
0.081182357336 -138.248346360000
0.081834420971 -136.917355230000
0.082491722037 -135.597658245000
0.083154302602 -134.289166655000
0.083822205071 -132.991792380000
0.084495472189 -131.705448035000
0.085174147046 -130.430046905000
0.085858273078 -129.165502950000
0.086547894069 -127.911730795000
0.087243054154 -126.668645730000
0.087943797825 -125.436163710000
0.088650169929 -124.214201335000
0.089362215673 -123.002675880000
0.090079980631 -121.801505250000
0.090803510737 -120.610608000000
0.091532852300 -119.429903325000
0.092268051996 -118.259311065000
0.093009156879 -117.098751685000
0.093756214379 -115.948146280000
0.094509272310 -114.807416570000
0.095268378866 -113.676484895000
0.096033582631 -112.555274210000
0.096804932578 -111.443708075000
0.097582478074 -110.341710660000
0.098366268881 -109.249206730000
0.099156355164 -108.166121650000
0.099952787486 -107.092381365000
0.100755616820 -106.027912400000
0.101564894550 -104.972641860000
0.102380672470 -103.926497420000
0.103203002780 -102.889407300000
0.104031938130 -101.861300295000
0.104867531550 -100.842105730000
0.105709836530 -99.831753465000
0.106558906970 -98.830173900000
0.107414797230 -97.837297935000
0.108277562060 -96.853056990000
0.109147256700 -95.877382985000
0.110023936800 -94.910208315000
0.110907658470 -93.951465860000
0.111798478260 -93.001088965000
0.112696453200 -92.059011415000
0.113601640750 -91.125167445000
0.114514098840 -90.199491710000
0.115433885870 -89.281919275000
0.116361060710 -88.372385600000
0.117295682700 -87.470826540000
0.118237811650 -86.577178300000
0.119187507870 -85.691377445000
0.120144832120 -84.813360875000
0.121109845690 -83.943065810000
0.122082610320 -83.080429775000
0.123063188290 -82.225390575000
0.124051642340 -81.377886295000
0.125048035740 -80.537855275000
0.126052432250 -79.705236095000
0.127064896160 -78.879967555000
0.128085492280 -78.061988675000
0.129114285900 -77.251238670000
0.130151342890 -76.447656945000
0.131196729600 -75.651183085000
0.132250512950 -74.861756830000
0.133312760380 -74.079318105000
0.134383539870 -73.303806985000
0.135462919950 -72.535163695000
0.136550969710 -71.773328635000
0.137647758770 -71.018242370000
0.138753357340 -70.269845655000
0.139867836170 -69.528079430000
0.140991266590 -68.792884865000
0.142123720500 -68.064203360000
0.143265270370 -67.341976620000
0.144415989270 -66.626146660000
0.145575950850 -65.916655860000
0.146745229330 -65.213447050000
0.147923899560 -64.516463530000
0.149112036970 -63.825649190000
0.150309717600 -63.140948570000
0.151517018110 -62.462306940000
0.152734015750 -61.789670450000
0.153960788420 -61.122986180000
0.155197414640 -60.462202325000
0.156443973550 -59.807268265000
0.157700544920 -59.158134740000
0.158967209180 -58.514753995000
0.160244047390 -57.877079890000
0.161531141280 -57.245068095000
0.162828573220 -56.618676210000
0.164136426250 -55.997863935000
0.165454784060 -55.382593185000
0.166783731030 -54.772828275000
0.168123352220 -54.168535980000
0.169473733360 -53.569685705000
0.170834960870 -52.976249525000
0.172207121890 -52.388202275000
0.173590304210 -51.805521595000
0.174984596380 -51.228187890000
0.176390087620 -50.656184350000
0.177806867890 -50.089496850000
0.179235027850 -49.528113836000
0.180674658920 -48.972026179000
0.182125853230 -48.421226967000
0.183588703660 -47.875711256500
0.185063303820 -47.335475778500
0.186549748100 -46.800518604500
0.188048131630 -46.270838767000
0.189558550300 -45.746435849000
0.191081100790 -45.227309540000
0.192615880530 -44.713459165000
0.194162987750 -44.204883201000
0.195722521470 -43.701578778000
0.197294581490 -43.203541180500
0.198879268440 -42.710763354500
0.200476683730 -42.223235430500
0.202086929600 -41.740944269500
0.203710109090 -41.263873042500
0.205346326110 -40.792000851000
0.206995685360 -40.325302395500
0.208658292400 -39.863747703500
0.210334253650 -39.407301918000
0.212023676360 -38.955925157500
0.213726668650 -38.509572452000
0.215443339530 -38.068193757000
0.217173798860 -37.631734050000
0.218918157380 -37.200133514000
0.220676526740 -36.773327801000
0.222449019470 -36.351248382000
0.224235749010 -35.933822972000
0.226036829720 -35.520976028000
0.227852376870 -35.112629309500
0.229682506640 -34.708702491500
0.231527336170 -34.309113815500
0.233386983530 -33.913780766000
0.235261567740 -33.522620748500
0.237151208770 -33.135551766000
0.239056027550 -32.752493063500
0.240976146010 -32.373365729000
0.242911687020 -31.998093243000
0.244862774460 -31.626601950500
0.246829533200 -31.258821462000
0.248812089110 -30.894684960000
0.250810569090 -30.534129426500
0.252825101020 -30.177095773500
0.254855813850 -29.823528895000
0.256902837540 -29.473377636000
0.258966303100 -29.126594693500
0.261046342590 -28.783136455000
0.263143089130 -28.442962792000
0.265256676920 -28.106036808500
0.267387241230 -27.772324570000
0.269534918420 -27.441794811500
0.271699845930 -27.114418643500
0.273882162320 -26.790169255500
0.276082007270 -26.469021635000
0.278299521560 -26.150952297000
0.280534847110 -25.835939036500
0.282788126990 -25.523960700500
0.285059505400 -25.214996987000
0.287349127730 -24.909028269500
0.289657140490 -24.606035443000
0.291983691410 -24.305999796500
0.294328929380 -24.008902908500
0.296693004510 -23.714726561500
0.299076068090 -23.423452676500
0.301478272640 -23.135063263500
0.303899771910 -22.849540383500
0.306340720860 -22.566866128000
0.308801275720 -22.287022605000
0.311281593970 -22.009991931000
0.313781834350 -21.735756232500
0.316302156870 -21.464297651000
0.318842722840 -21.195598351000
0.321403694860 -20.929640530500
0.323985236810 -20.666406430000
0.326587513940 -20.405878345500
0.329210692780 -20.148038638000
0.331854941210 -19.892869744500
0.334520428470 -19.640354184500
0.337207325160 -19.390474568500
0.339915803220 -19.143213601000
0.342646036020 -18.898554086500
0.345398198280 -18.656478928000
0.348172466140 -18.416971128500
0.350969017160 -18.180013789500
0.353788030310 -17.945590106000
0.356629686020 -17.713683363500
0.359494166160 -17.484276931500
0.362381654040 -17.257354256500
0.365292334470 -17.032898856000
0.368226393730 -16.810894308000
0.371184019610 -16.591324244000
0.374165401390 -16.374172340500
0.377170729890 -16.159422309000
0.380200197440 -15.947057886000
0.383253997940 -15.737062827000
0.386332326820 -15.529420894500
0.389435381100 -15.324115851000
0.392563359380 -15.121131451500
0.395716461850 -14.920451433000
0.398894890310 -14.722059510000
0.402098848170 -14.525939365000
0.405328540500 -14.332074645000
0.408584174000 -14.140448951500
0.411865957020 -13.951045839000
0.415174099600 -13.763848807500
0.418508813470 -13.578841300000
0.421870312040 -13.396006696000
0.425258810460 -13.215328312500
0.428674525590 -13.036789395000
0.432117676030 -12.860373122000
0.435588482150 -12.686062598000
0.439087166080 -12.513840854000
0.442613951750 -12.343690847000
0.446169064850 -12.175595459000
0.449752732930 -12.009537495500
0.453365185340 -11.845499689500
0.457006653270 -11.683464698000
0.460677369790 -11.523415105000
0.464377569810 -11.365333424000
0.468107490160 -11.209202097000
0.471867369540 -11.055003498500
0.475657448600 -10.902719937500
0.479477969900 -10.752333660500
0.483329177950 -10.603826853000
0.487211319240 -10.457181643500
0.491124642210 -10.312380109000
0.495069397330 -10.169404274500
0.499045837060 -10.028236121500
0.503054215890 -9.888857588500
0.507094790370 -9.751250578000
0.511167819080 -9.615396960500
0.515273562710 -9.481278580000
0.519412284030 -9.348877256500
0.523584247900 -9.218174796000
0.527789721350 -9.089152992500
0.532028973520 -8.961793635000
0.536302275730 -8.836078514500
0.540609901460 -8.711989428500
0.544952126420 -8.589508190500
0.549329228490 -8.468616633500
0.553741487820 -8.349296619000
0.558189186800 -8.231530044000
0.562672610080 -8.115298848000
0.567192044590 -8.000585020500
0.571747779590 -7.887370611500
0.576340106650 -7.775637735000
0.580969319660 -7.665368581000
0.585635714910 -7.556545424000
0.590339591050 -7.449150629500
0.595081249120 -7.343166664500
0.599860992600 -7.238576107000
0.604679127380 -7.135361655000
0.609535961830 -7.033506135500
0.614431806800 -6.932992515000
0.619366975600 -6.833803909500
0.624341784110 -6.735923592500
0.629356550700 -6.639335009500
0.634411596330 -6.544021782000
0.639507244520 -6.449967724000
0.644643821390 -6.357156847500
0.649821655680 -6.265573374500
0.655041078780 -6.175201748000
0.660302424740 -6.086026639500
0.665606030270 -5.998032961000
0.670952234820 -5.911205872500
0.676341380540 -5.825530792000
0.681773812340 -5.740993404000
0.687249877890 -5.657579667500
0.692769927670 -5.575275821500
0.698334314970 -5.494068394000
0.703943395890 -5.413944207500
0.709597529440 -5.334890380500
0.715297077470 -5.256894333500
0.721042404760 -5.179943792000
0.726833879010 -5.104026784000
0.732671870870 -5.029131641000
0.738556753980 -4.955246995300
0.744488904980 -4.882361775100
0.750468703520 -4.810465197950
0.756496532320 -4.739546762200
0.762572777150 -4.669596235850
0.768697826900 -4.600603643450
0.774872073570 -4.532559250250
0.781095912320 -4.465453543800
0.787369741470 -4.399277213250
0.793693962560 -4.334021125550
0.800068980330 -4.269676299450
0.806495202790 -4.206233876600
0.812973041220 -4.143685090100
0.819502910200 -4.082021230700
0.826085227650 -4.021233610150
0.832720414830 -3.961313522650
0.839408896400 -3.902252203600
0.846151100430 -3.844040786750
0.852947458420 -3.786670259000
0.859798405330 -3.730131413550
0.866704379640 -3.674414801450
0.873665823330 -3.619510681350
0.880683181920 -3.565408968450
0.887756904540 -3.512099181600
0.894887443910 -3.459570389450
0.902075256370 -3.407811155950
0.909320801960 -3.356809484350
0.916624544390 -3.306552761100
0.923986951110 -3.257027699050
0.931408493310 -3.208220280350
0.938889645960 -3.160115700350
0.946430887880 -3.112698312150
0.954032701690 -3.065951574050
0.961695573930 -3.019858000650
0.969419995010 -2.974399120350
0.977206459300 -2.929555442450
0.985055465130 -2.885306437000
0.992967514860 -2.841630533550
1.000943114800 -2.798505144850
1.008982775500 -2.755906723550
1.017087011400 -2.713810861700
1.025256341300 -2.672192444100
1.033491287900 -2.631025869150
1.041792378300 -2.590285350000
1.050160143700 -2.549945312250
1.058595119800 -2.509980901150
1.067097846300 -2.470368611950
1.075668867500 -2.431087051350
1.084308731800 -2.392117834250
1.093017992200 -2.353446607950
1.101797206200 -2.315064187000
1.110646935600 -2.276967763500
1.119567746700 -2.239162140550
1.128560210600 -2.201660915350
1.137624902700 -2.164487517350
1.146762403200 -2.127675987100
1.155973296900 -2.091271369450
1.165258173200 -2.055329589350
1.174617626500 -2.019916688700
1.184052255700 -1.985107329600
1.193562664700 -1.950982515600
1.203149462100 -1.917626546400
1.212813261400 -1.885123301250
1.222554681200 -1.853552034000
1.232374345000 -1.822982942300
1.242272881100 -1.793472843100
1.252250923100 -1.765061319100
1.262309109600 -1.737767697100
1.272448084300 -1.711589169250
1.282668496100 -1.686500273350
1.292970999100 -1.662453818650
1.303356252700 -1.639383199300
1.313824921600 -1.617205893050
1.324377675700 -1.595827823600
1.335015190400 -1.575148189250
1.345738146600 -1.555064334900
1.356547230400 -1.535476273800
1.367443133800 -1.516290539100
1.378426554000 -1.497423151250
1.389498193900 -1.478801600600
1.400658762200 -1.460365857000
1.411908973100 -1.442068504300
1.423249546700 -1.423874159850
1.434681208800 -1.405758367750
1.446204690900 -1.387706157550
1.457820730700 -1.369710441550
1.469530071400 -1.351770393700
1.481333462600 -1.333889916700
1.493231659600 -1.316076266300
1.505225424000 -1.298338872750
1.517315523300 -1.280688371800
1.529502731300 -1.263135840000
1.541787828100 -1.245692217450
1.554171599700 -1.228367893000
1.566654838900 -1.211172426650
1.579238344500 -1.194114381300
1.591922921900 -1.177201240600
1.604709383000 -1.160439391050
1.617598545900 -1.143834151050
1.630591235800 -1.127389831100
1.643688284000 -1.111109815350
1.656890528800 -1.094996653800
1.670198815200 -1.079052160000
1.683613994900 -1.063277508350
1.697136926500 -1.047673328350
1.710768475400 -1.032239793050
1.724509514100 -1.016976700300
1.738360921900 -1.001883546250
1.752323585500 -0.986959590500
1.766398398400 -0.972203913350
1.780586261300 -0.957615464700
1.794888082400 -0.943193105700
1.809304777000 -0.928935643300
1.823837267700 -0.914841858550
1.838486484500 -0.900910529050
1.853253365200 -0.887140446200
1.868138854700 -0.873530428400
1.883143905700 -0.860079329700
1.898269478600 -0.846786045800
1.913516541300 -0.833649516850
1.928886069800 -0.820668728300
1.944379047600 -0.807842709500
1.959996466400 -0.795170531400
1.975739325600 -0.782651302550
1.991608632800 -0.770284164850
2.007605403600 -0.758068288400
2.023730661900 -0.746002866150
2.039985439600 -0.734087108650
2.056370777100 -0.722320238250
2.072887723000 -0.710701484050
2.089537334400 -0.699230076700
2.106320677000 -0.687905243850
2.123238824700 -0.676726205350
2.140292860500 -0.665692169650
2.157483875800 -0.654802329950
2.174812970800 -0.644055861150
2.192281254500 -0.633451917000
2.209889845000 -0.622989628000
2.227639869200 -0.612668099150
2.245532463100 -0.602486408750
2.263568771800 -0.592443607100
2.281749949700 -0.582538715850
2.300077160400 -0.572770727200
2.318551576800 -0.563138604150
2.337174381400 -0.553641280400
2.355946765800 -0.544277660850
2.374869931700 -0.535046622000
2.393945090000 -0.525947013050
2.413173461700 -0.516977656950
2.432556277300 -0.508137351350
2.452094777300 -0.499424870255
2.471790212200 -0.490838965425
2.491643842500 -0.482378368090
2.511656938900 -0.474041790720
2.531830782200 -0.465827928925
2.552166663600 -0.457735463415
2.572665884400 -0.449763062105
2.593329756800 -0.441909382225
2.614159603100 -0.434173072530
2.635156756600 -0.426552775565
2.656322561000 -0.419047129965
2.677658370900 -0.411654772765
2.699165551900 -0.404374341770
2.720845480400 -0.397204477920
2.742699543900 -0.390143827650
2.764729141200 -0.383191045255
2.786935682000 -0.376344795225
2.809320587700 -0.369603754545
2.831885290900 -0.362966614960
2.854631235700 -0.356432085160
2.877559877900 -0.349998892920
2.900672684800 -0.343665787105
2.923971135900 -0.337431539635
2.947456722000 -0.331294947260
2.971130946500 -0.325254833245
2.994995324300 -0.319310048890
3.019051382800 -0.313459474855
3.043300661600 -0.307702022360
3.067744712800 -0.302036634105
3.092385100600 -0.296462285055
3.117223402100 -0.290977982925
3.142261207000 -0.285582768495
3.167500117700 -0.280275715605
3.192941749500 -0.275055930965
3.218587730700 -0.269922553630
3.244439702500 -0.264874754275
3.270499319600 -0.259911734155
3.296768249800 -0.255032723835
3.323248174300 -0.250236981650
3.349940787800 -0.245523791890
3.376847798600 -0.240892462825
3.403970928900 -0.236342324415
3.431311914400 -0.231872725890
3.458872505100 -0.227483033100
3.486654464800 -0.223172625760
3.514659571600 -0.218940894505
3.542889617800 -0.214787237880
3.571346410100 -0.210711059250
3.600031769900 -0.206711763635
3.628947532900 -0.202788754585
3.658095549700 -0.198941431030
3.687477686000 -0.195169184175
3.717095822000 -0.191471394515
3.746951853500 -0.187847428900
3.777047691200 -0.184296637790
3.807385261200 -0.180818352605
3.837966505100 -0.177411883315
3.868793380300 -0.174076516205
3.899867859500 -0.170811511820
3.931191931600 -0.167616103220
3.962767601300 -0.164489494410
3.994596889500 -0.161430859050
4.026681833300 -0.158439339400
4.059024486100 -0.155514045560
4.091626917800 -0.152654054925
4.124491215100 -0.149858411920
4.157619481200 -0.147126127960
4.191013836400 -0.144456181680
4.224676417800 -0.141847519365
4.258609380100 -0.139299055620
4.292814894700 -0.136809674245
4.327295151000 -0.134378229265
4.362052355700 -0.132003546220
4.397088733200 -0.129684423530
4.432406525800 -0.127419634065
4.468007994100 -0.125207926825
4.503895416300 -0.123048028775
4.540071089400 -0.120938646730
4.576537328600 -0.118878469375
4.613296467700 -0.116866169370
4.650350859400 -0.114900405490
4.687702875100 -0.112979824850
4.725354905400 -0.111103065165
4.763309360100 -0.109268757055
4.801568668100 -0.107475526400
4.840135278200 -0.105721996665
4.879011658600 -0.104006791305
4.918200297500 -0.102328536150
4.957703702800 -0.100685861790
4.997524402800 -0.099077406000
5.037664946100 -0.097501816110
5.078127901700 -0.095957751425
5.118915859200 -0.094443885600
5.160031429100 -0.092958909005
5.201477242700 -0.091501531105
5.243255952700 -0.090070482755
5.285370232800 -0.088664518560
5.327822778500 -0.087282419090
5.370616306600 -0.085922993165
5.413753556000 -0.084585080015
5.457237287400 -0.083267551415
5.501070283900 -0.081969313765
5.545255350800 -0.080689310075
5.589795315900 -0.079426521880
5.634693029900 -0.078179971040
5.679951366100 -0.076948721455
5.725573221100 -0.075731880660
5.771561514800 -0.074528601240
5.817919190400 -0.073338082155
5.864649214700 -0.072159569890
5.911754578700 -0.070992359395
5.959238297000 -0.069835794905
6.007103408500 -0.068689270510
6.055352976700 -0.067552230560
6.103990089600 -0.066424169840
6.153017859900 -0.065304633535
6.202439425400 -0.064193216965
6.252257949200 -0.063089565125
6.302476619700 -0.061993371965
6.353098650800 -0.060904379485
6.404127282400 -0.059822376575
6.455565780300 -0.058747197705
6.507417436600 -0.057678721360
6.559685569900 -0.056616868305
6.612373525200 -0.055561599720
6.665484674800 -0.054512915110
6.719022417600 -0.053470850110
6.772990180200 -0.052435474195
6.827391416400 -0.051406888220
6.882229608100 -0.050385221950
6.937508264700 -0.049370631470
6.993230924300 -0.048363296593
7.049401153000 -0.047363418230
7.106022545900 -0.046371215763
7.163098726500 -0.045386924438
7.220633348000 -0.044410792791
7.278630092400 -0.043443080133
7.337092671700 -0.042484054105
7.396024827400 -0.041533988312
7.455430331200 -0.040593160058
7.515312985100 -0.039661848189
7.575676621600 -0.038740331054
7.636525103900 -0.037828884588
7.697862326500 -0.036927780525
7.759692214900 -0.036037284757
7.822018726300 -0.035157655813
7.884845849500 -0.034289143495
7.948177605600 -0.033431987643
8.012018047700 -0.032586417039
8.076371261700 -0.031752648450
8.141241366300 -0.030930885799
8.206632513000 -0.030121319471
8.272548887100 -0.029324125726
8.338994707100 -0.028539466249
8.405974225600 -0.027767487794
8.473491729300 -0.027008321942
8.541551539400 -0.026262084950
8.610158011700 -0.025528877694
8.679315537100 -0.024808785697
8.749028541600 -0.024101879225
8.819301486900 -0.023408213458
8.890138870500 -0.022727828727
8.961545226100 -0.022060750793
9.033525123600 -0.021406991192
9.106083169800 -0.020766547607
9.179224008400 -0.020139404292
9.252952320500 -0.019525532509
9.327272824700 -0.018924891015
9.402190277600 -0.018337426545
9.477709473800 -0.017763074327
9.553835246700 -0.017201758614
9.630572468300 -0.016653393204
9.707926049800 -0.016117881990
9.785900941900 -0.015595119493
9.864502135000 -0.015084991403
9.943734659600 -0.014587375119
10.023603587000 -0.014102140274
10.104114028000 -0.013629149265
10.185271135000 -0.013168257757
10.267080104000 -0.012719315199
10.349546169000 -0.012282165304
10.432674609000 -0.011856646532
10.516470744000 -0.011442592554
10.600939936000 -0.011039832701
10.686087592000 -0.010648192397
10.771919161000 -0.010267493579
10.858440137000 -0.009897555097
10.945656057000 -0.009538193105
11.033572502000 -0.009189221428
11.122195100000 -0.008850451914
11.211529522000 -0.008521694776
11.301581485000 -0.008202758914
11.392356754000 -0.007893452219
11.483861138000 -0.007593581866
11.576100492000 -0.007302954590
11.669080721000 -0.007021376946
11.762807775000 -0.006748655556
11.857287653000 -0.006484597344
11.952526402000 -0.006229009756
12.048530116000 -0.005981700961
12.145304940000 -0.005742480053
12.242857067000 -0.005511157226
12.341192742000 -0.005287543947
12.440318258000 -0.005071453114
12.540239957000 -0.004862699204
12.640964237000 -0.004661098411
12.742497543000 -0.004466468771
12.844846372000 -0.004278630283
12.948017277000 -0.004097405017
13.052016859000 -0.003922617357
13.156851774000 -0.003754093504
13.262528733000 -0.003591662461
13.369054497000 -0.003435155496
13.476435886000 -0.003284406370
13.584679771000 -0.003139251394
13.693793081000 -0.002999529490
13.803782798000 -0.002865082236
13.914655962000 -0.002735753909
14.026419668000 -0.002611391527
14.139081070000 -0.002491844877
14.252647378000 -0.002376966543
14.367125861000 -0.002266611929
14.482523844000 -0.002160639274
14.598848714000 -0.002058909670
14.716107915000 -0.001961287067
14.834308952000 -0.001867638278
14.953459390000 -0.001777832982
15.073566854000 -0.001691743720
15.194639032000 -0.001609245987
15.316683672000 -0.001530217828
15.439708585000 -0.001454540429
15.563721644000 -0.001382097688
15.688730787000 -0.001312776309
15.814744015000 -0.001246465775
15.941769391000 -0.001183058327
16.069815046000 -0.001122448938
16.198889174000 -0.001064535283
16.329000037000 -0.001009217708
16.460155961000 -0.000956399202
16.592365342000 -0.000905983304
16.725636639000 -0.000857850402
16.859978382000 0.000000036326
16.995399170000 -0.000000000318
17.131907670000 -0.000000000221
17.269512617000 -0.000000000140
17.408222819000 -0.000000000073
17.548047153000 -0.000000000018
17.688994568000 0.000000000026
17.831074085000 0.000000000063
17.974294797000 0.000000000091
18.118665869000 0.000000000114
18.264196543000 0.000000000132
18.410896131000 0.000000000146
18.558774023000 0.000000000155
18.707839683000 0.000000000162
18.858102651000 0.000000000167
19.009572544000 0.000000000169
19.162259056000 0.000000000170
19.316171959000 0.000000000169
19.471321104000 0.000000000168
19.627716420000 0.000000000165
19.785367916000 0.000000000162
19.944285683000 0.000000000158
20.104479891000 0.000000000154
20.265960793000 0.000000000150
20.428738723000 0.000000000145
20.592824099000 0.000000000140
20.758227423000 0.000000000036
20.924959280000 0.000000000037
21.093030342000 0.000000000038
21.262451366000 0.000000000039
21.433233193000 0.000000000039
21.605386755000 0.000000000039
21.778923068000 0.000000000040
21.953853241000 0.000000000040
22.130188467000 0.000000000040
22.307940033000 0.000000000040
22.487119315000 0.000000000039
22.667737780000 0.000000000039
22.849806988000 0.000000000039
23.033338591000 0.000000000039
23.218344336000 0.000000000039
23.404836063000 0.000000000039
23.592825708000 0.000000000038
23.782325301000 0.000000000038
23.973346972000 0.000000000038
24.165902944000 0.000000000037
24.360005543000 0.000000000037
24.555667190000 0.000000000037
24.752900409000 0.000000000036
24.951717821000 0.000000000036
25.152132152000 0.000000000036
25.354156228000 0.000000000036
25.557802979000 0.000000000035
25.763085438000 0.000000000035
25.970016743000 0.000000000035
26.178610138000 0.000000000035
26.388878973000 0.000000000034
26.600836705000 0.000000000034
26.814496900000 0.000000000034
27.029873232000 0.000000000033
27.246979485000 0.000000000033
27.465829554000 0.000000000033
27.686437446000 0.000000000033
27.908817278000 0.000000000032
28.132983285000 0.000000000032
28.358949812000 0.000000000032
28.586731322000 0.000000000032
28.816342392000 0.000000000031
29.047797718000 0.000000000031
29.281112113000 0.000000000031
29.516300509000 0.000000000031
29.753377959000 0.000000000030
29.992359635000 0.000000000030
30.233260832000 0.000000000030
30.476096968000 0.000000000030
30.720883585000 0.000000000029
30.967636348000 0.000000000029
31.216371051000 0.000000000029
31.467103613000 0.000000000029
31.719850080000 0.000000000028
31.974626628000 0.000000000028
32.231449563000 0.000000000028
32.490335321000 0.000000000028
32.751300473000 0.000000000028
33.014361719000 0.000000000027
33.279535895000 0.000000000027
33.546839973000 0.000000000027
33.816291060000 0.000000000027
34.087906401000 0.000000000027
34.361703380000 0.000000000026
34.637699519000 0.000000000026
34.915912484000 0.000000000026
35.196360078000 0.000000000026
35.479060252000 0.000000000025
35.764031097000 0.000000000025
36.051290853000 0.000000000025
36.340857904000 0.000000000025
36.632750782000 0.000000000025
36.926988168000 0.000000000024
37.223588895000 0.000000000024
37.522571943000 0.000000000024
37.823956450000 0.000000000024
38.127761702000 0.000000000024
38.434007144000 0.000000000024
38.742712376000 0.000000000023
39.053897154000 0.000000000023
39.367581395000 0.000000000023
39.683785175000 0.000000000023
40.002528731000 0.000000000023
40.323832462000 0.000000000022
40.647716932000 0.000000000022
40.974202870000 0.000000000022
41.303311171000 0.000000000022
41.635062898000 0.000000000022
41.969479283000 0.000000000022
42.306581729000 0.000000000021
42.646391811000 0.000000000021
42.988931277000 0.000000000021
43.334222048000 0.000000000021
43.682286225000 0.000000000021
44.033146083000 0.000000000021
44.386824077000 0.000000000020
44.743342844000 0.000000000020
45.102725199000 0.000000000020
45.464994144000 0.000000000020
45.830172865000 0.000000000020
46.198284732000 0.000000000020
46.569353305000 0.000000000019
46.943402333000 0.000000000019
47.320455754000 0.000000000019
47.700537701000 0.000000000019
48.083672498000 0.000000000019
48.469884667000 0.000000000019
48.859198925000 0.000000000019
49.251640189000 0.000000000018
49.647233574000 0.000000000018
50.046004399000 0.000000000018
50.447978185000 0.000000000018
50.853180660000 0.000000000018
51.261637755000 0.000000000018
51.673375612000 0.000000000017
52.088420584000 0.000000000017
52.506799232000 0.000000000017
52.928538333000 0.000000000017
53.353664878000 0.000000000017
53.782206076000 0.000000000017
54.214189354000 0.000000000017
54.649642359000 0.000000000017
55.088592959000 0.000000000016
55.531069248000 0.000000000016
55.977099544000 0.000000000016
56.426712394000 0.000000000016
56.879936573000 0.000000000016
57.336801087000 0.000000000016
57.797335175000 0.000000000016
58.261568314000 0.000000000016
58.729530212000 0.000000000015
59.201250820000 0.000000000015
59.676760329000 0.000000000015
60.156089170000 0.000000000015
60.639268022000 0.000000000015
61.126327808000 0.000000000015
61.617299699000 0.000000000015
62.112215119000 0.000000000015
62.611105742000 0.000000000014
63.114003496000 0.000000000014
63.620940569000 0.000000000014
64.131949404000 0.000000000014
64.647062705000 0.000000000014
65.166313440000 0.000000000014
65.689734842000 0.000000000014
66.217360409000 0.000000000014
66.749223909000 0.000000000014
67.285359383000 0.000000000013
67.825801143000 0.000000000013
68.370583777000 0.000000000013
68.919742152000 0.000000000013
69.473311414000 0.000000000013
70.031326991000 0.000000000013
70.593824598000 0.000000000013
71.160840233000 0.000000000013
71.732410186000 0.000000000013
72.308571038000 0.000000000013
72.889359663000 0.000000000012
73.474813233000 0.000000000012
74.064969215000 0.000000000012
74.659865381000 0.000000000012
75.259539803000 0.000000000012
75.864030862000 0.000000000012
76.473377244000 0.000000000012
77.087617949000 0.000000000012
77.706792288000 0.000000000012
78.330939888000 0.000000000012
78.960100695000 0.000000000011
79.594314975000 0.000000000011
80.233623318000 0.000000000011
80.878066641000 0.000000000011
81.527686188000 0.000000000011
82.182523534000 0.000000000011
82.842620590000 0.000000000011
83.508019602000 0.000000000011
84.178763156000 0.000000000011
84.854894179000 0.000000000011
85.536455945000 0.000000000011
86.223492073000 0.000000000010
86.916046533000 0.000000000010
87.614163651000 0.000000000010
88.317888105000 0.000000000010
89.027264934000 0.000000000010
89.742339538000 0.000000000010
90.463157682000 0.000000000010
91.189765500000 0.000000000010
91.922209493000 0.000000000010
92.660536540000 0.000000000010
93.404793892000 0.000000000010
94.155029183000 0.000000000010
94.911290428000 0.000000000010
95.673626028000 0.000000000009
96.442084773000 0.000000000009
97.216715844000 0.000000000009
97.997568818000 0.000000000009
98.784693670000 0.000000000009
99.578140776000 0.000000000009
